
-------------------------------------------------------------------------------------------------------------------------------------
                                  Setal2     GMpolisci1     GMsoc1         SW3         BCH3        ABetal2       vZSS1         V1    
-------------------------------------------------------------------------------------------------------------------------------------
p₁                                   0.208            1            1        0.746        0.155        0.908            1            1
                                  (0.0174)          (0)          (0)     (0.0122)     (0.0122)     (0.0131)          (0)          (0)
p₂                                   0.792                                  0.254        0.845       0.0923                          
                                  (0.0174)                               (0.0122)     (0.0122)     (0.0131)                          
μ                                      1.1        0.944        0.729        0.663            0        0.564       -0.214        0.608
                                  (0.0612)     (0.0624)     (0.0799)     (0.0195)          (0)     (0.0263)     (0.0122)       (0.12)
τ₁                                    7.57         1.28         1.25         2.07         6.79         1.65         1.11         1.82
                                    (0.16)     (0.0832)      (0.114)     (0.0367)      (0.155)     (0.0539)     (0.0204)      (0.186)
τ₂                                    1.67                                   7.56          1.6         6.87                          
                                  (0.0524)                                (0.121)     (0.0491)      (0.265)                          
ν₁                                3.37e+07         2.18         2.25         10.6      1.5e+05          7.2         2.52            2
                                (2.25e+09)      (0.158)      (0.224)       (3.38)   (7.62e+06)       (1.97)     (0.0646)      (0.276)
ν₂                                    5.37                                2.3e+07         7.72     2.24e+07                          
                                    (1.12)                             (1.09e+09)        (2.2)   (2.31e+09)                          
pF                                   0.437        0.438        0.575      0.00874        0.288       0.0576       0.0177        0.084
                                   (0.072)     (0.0475)     (0.0519)    (0.00867)     (0.0226)     (0.0483)     (0.0175)     (0.0738)
pH                                   0.404     5.17e-24     1.35e-85        0.219            0        0.283        0.106    1.16e-163
                                  (0.0721)   (5.61e-25)   (1.22e-86)     (0.0238)          (0)     (0.0463)      (0.038)          (0)
pD                                       0        0.562        0.425            0       0.0197            0            0        0.916
                                       (0)     (0.0475)     (0.0519)          (0)          (0)          (0)          (0)     (0.0738)
pR                                   0.159     1.05e-27     1.58e-88        0.772        0.692         0.66        0.876            0
                                 (0.00649)   (1.14e-28)   (1.43e-89)     (0.0222)          (0)     (0.0195)     (0.0331)          (0)
σ                                     1.13            1            1        0.864            1         1.13        0.523            1
                                   (0.104)          (5)          (5)      (0.112)          (5)      (0.103)      (0.141)          (5)
m                                        1            1            1            1            1            1            1            1
                                (0.000874)   (0.000707)   (0.000707)   (0.000764)   (0.000707)      (0.001)   (0.000999)   (0.000707)
frac_insig_file_drawered             0.642        0.438        0.575       0.0107        0.288       0.0742       0.0196        0.084
                                  (0.0569)     (0.0475)     (0.0519)     (0.0105)     (0.0226)     (0.0591)      (0.019)     (0.0738)
frac_insig_pubbed_as_is              0.234        0.562        0.425        0.947        0.712         0.85        0.971        0.916
                                  (0.0195)     (0.0475)     (0.0519)    (0.00983)       (38.7)     (0.0436)     (0.0173)     (0.0738)
p_hacked_frac_of_pubbed_insig            0            0            0            0            0            0            0            0
                                       (0)   (5.48e-24)   (1.44e-85)          (0)          (0)          (0)          (0)          (0)
p_hacked_frac_of_sig                 0.111            0            0        0.037            0        0.103       0.0227            0
                                   (0.026)   (8.65e-24)   (2.61e-85)     (0.0053)          (0)     (0.0201)    (0.00867)          (0)
p_hacked_frac_of_marg_sig             0.17     2.06e-24     5.93e-86       0.0638            0        0.135       0.0273    4.08e-164
                                  (0.0387)   (1.11e-23)   (3.29e-85)    (0.00895)          (0)     (0.0256)     (0.0108)          (0)
H(Ω|Z)-H(Ω|Z₀)                       0.206        0.101        0.138       0.0198        0.075       0.0718       0.0068       0.0202
                                  (0.0123)     (0.0108)     (0.0117)    (0.00585)        (NaN)     (0.0115)    (0.00438)     (0.0179)
equiv_sample_reduction               0.187       0.0761        0.099        0.025       0.0638       0.0567      0.00559       0.0179
                                       (0)          (0)          (0)          (0)          (0)          (0)          (0)          (0)
-------------------------------------------------------------------------------------------------------------------------------------
N                                   10,927        1,792          781       28,937       20,189       16,539       23,551          567
-------------------------------------------------------------------------------------------------------------------------------------

